L_xyz: [1e-9, 1e-9, 1e-9] #  the size of the room
k_e: 8.9875517923e9
k_B: 1.380649e-23
epsilon_0: 8.854187817e-12
G: 6.67430e-11
#M: 5.972e24 # default from earth -> useless in a bare/vacuum env
c: 299792458
h: 6.62607015e-34

